jdat_notebooks/composite_model_fitting/n5548_mean_g130mb4.ecsv
# %ECSV 0.9
# ---
# datatype:
# - {name: wavelength, unit: AA, datatype: float64, format: '%11.5f'}
# - {name: flux, unit: erg cm-2 s-1 AA-1, datatype: float64, '%17.11e'}
# - {name: uncertainty, unit: erg cm-2 s-1 AA-1, datatype: float64, '%17.11e'}
wavelength flux uncertainty
[from data line 5144]
1339.58859 4.35887375655e-14 6.78383934539e-16
1339.62739 4.44089037967e-14 6.87491158935e-16
1339.66619 4.38973130056e-14 6.81955459797e-16
1339.705 4.30628683945e-14 6.72593024767e-16
1339.7438 4.35004768216e-14 6.77084715655e-16
1339.7826 4.39032320718e-14 6.81007470767e-16
1339.8214 4.35651012349e-14 6.77302766653e-16
1339.8602 4.34036046751e-14 6.75032631215e-16
1339.899 4.41327889179e-14 6.82429611878e-16
1339.9378 4.49050117072e-14 6.91338218457e-16
1339.9766 4.41360525011e-14 6.82922875213e-16
1340.01541 4.44756320517e-14 6.86984742897e-16
1340.05421 4.4124276316e-14 6.84117626001e-16
1340.09301 4.4421064614e-14 6.87324740539e-16
1340.13181 4.55810749771e-14 6.99880652423e-16
1340.17061 4.40321280475e-14 6.83374795093e-16
1340.20941 4.36063594371e-14 6.78178772405e-16
1340.24821 4.40597621853e-14 6.82979163233e-16
1340.28701 4.39541051679e-14 6.82882553191e-16
1340.32581 4.29736071016e-14 6.73839808931e-16
1340.36462 4.37697507552e-14 6.82456819983e-16
1340.40342 4.37658828461e-14 6.82970836013e-16
1340.44222 4.39202415931e-14 6.84823304526e-16
1340.48102 4.44786419114e-14 6.90659339591e-16
1340.51982 4.44117033842e-14 6.89916202723e-16
1340.55862 4.44511304893e-14 6.89554198748e-16
1340.59742 4.44520931448e-14 6.89857671729e-16
1340.63622 4.39534509711e-14 6.84389204375e-16
1340.67502 4.43620000457e-14 6.88935224821e-16
1340.71383 4.45919702834e-14 6.91384872619e-16
1340.75263 4.44140028062e-14 6.89369929012e-16
1340.79143 4.39917914667e-14 6.83877296821e-16
1340.83023 4.41926804876e-14 6.85381117085e-16
1340.86903 4.43885064706e-14 6.87316989564e-16
1340.90783 4.41622120685e-14 6.84511004737e-16
1340.94663 4.39829298378e-14 6.82843631276e-16
1340.98543 4.38146533488e-14 6.80689444031e-16
1341.02423 4.41210397783e-14 6.84429043694e-16
1341.06304 4.41055258894e-14 6.84263383789e-16
1341.10184 4.39333128569e-14 6.82097068213e-16
1341.14064 4.41970523565e-14 6.84433641398e-16
1341.17944 4.48932818959e-14 6.9179085393e-16
1341.21824 4.38620288327e-14 6.80781201046e-16
1341.25704 4.41143054206e-14 6.83423168531e-16
1341.29584 4.39230406754e-14 6.81069329666e-16
1341.33464 4.39348724675e-14 6.80668300802e-16
1341.37344 4.34731452181e-14 6.75377451811e-16
1341.41225 4.35807276257e-14 6.7567821163e-16
1341.45105 4.32476055968e-14 6.72310001154e-16
1341.48985 4.35439260156e-14 6.76030293354e-16
1341.52865 4.36484920546e-14 6.77080604248e-16
1341.56745 4.3973105702e-14 6.81407402756e-16
1341.60625 4.38143985949e-14 6.79608084602e-16
1341.64505 4.34798930888e-14 6.76058603999e-16
1341.68385 4.37714971093e-14 6.78886749472e-16
1341.72265 4.33239493401e-14 6.73881265942e-16
1341.76146 4.27048987383e-14 6.66993810169e-16
1341.80026 4.32243035421e-14 6.72654386077e-16
1341.83906 4.30344417905e-14 6.70922209811e-16
1341.87786 4.34037081022e-14 6.75681037922e-16
1341.91666 4.21800516339e-14 6.6244283269e-16
1341.95546 4.26986156163e-14 6.68314476153e-16
1341.99426 4.31678826031e-14 6.74149743966e-16
1342.03306 4.28316091411e-14 6.70744181747e-16
1342.07186 4.31656068138e-14 6.75046334735e-16
1342.11067 4.27450263545e-14 6.70088782922e-16
1342.14947 4.31153887963e-14 6.7347729968e-16
1342.18827 4.31514400045e-14 6.73072751578e-16
1342.22707 4.28651161695e-14 6.69345653267e-16
1342.26587 4.3551275874e-14 6.76288961654e-16
1342.30467 4.31303282383e-14 6.71637537505e-16
1342.34347 4.25741047154e-14 6.66128587096e-16
1342.38227 4.32202632642e-14 6.7269241604e-16
1342.42107 4.36083229486e-14 6.77104661277e-16
1342.45988 4.29796391452e-14 6.70129144298e-16
1342.49868 4.36035717773e-14 6.77006145755e-16
1342.53748 4.34980886741e-14 6.76205892866e-16
1342.57628 4.37022543156e-14 6.78441439879e-16
1342.61508 4.31000208546e-14 6.72364427646e-16
1342.65388 4.31357302875e-14 6.73320064698e-16
1342.69268 4.37432070509e-14 6.80531380114e-16
1342.73148 4.33208168834e-14 6.7613840794e-16
1342.77029 4.39947484637e-14 6.83977556388e-16
1342.80909 4.33815059421e-14 6.7720123556e-16
1342.84789 4.41835223178e-14 6.85826272028e-16
1342.88669 4.33606181691e-14 6.76860780533e-16
1342.92549 4.35789518781e-14 6.79093172178e-16
1342.96429 4.37987068885e-14 6.81890408445e-16
1343.00309 4.37172991761e-14 6.8053174648e-16
1343.04189 4.31052702001e-14 6.74311614966e-16
1343.08069 4.3675462604e-14 6.80624947737e-16
1343.1195 4.36415317521e-14 6.80507650301e-16
1343.1583 4.35443733976e-14 6.79271388941e-16
1343.1971 4.37998668531e-14 6.81336649786e-16
1343.2359 4.33235647574e-14 6.75580571992e-16
1343.2747 4.28018294836e-14 6.69145493098e-16
1343.3135 4.319595221e-14 6.73247399956e-16
1343.3523 4.41019678161e-14 6.83168420672e-16
1343.3911 4.3508469583e-14 6.77009964102e-16
1343.4299 4.30472595686e-14 6.71741016981e-16
1343.46871 4.2946047255e-14 6.70947267708e-16
1343.50751 4.25810188125e-14 6.66838770921e-16
1343.54631 4.32846894818e-14 6.74611169848e-16
1343.58511 4.34497343073e-14 6.76078645746e-16
1343.62391 4.28016214999e-14 6.68699462926e-16
1343.66271 4.38818290353e-14 6.80849042968e-16
1343.70151 4.26284526477e-14 6.67479925832e-16
1343.74031 4.38169111919e-14 6.80928735322e-16
1343.77911 4.35675865386e-14 6.78251345136e-16
1343.81792 4.32429584966e-14 6.75194940176e-16
1343.85672 4.29318271074e-14 6.71224337425e-16
1343.89552 4.27550911666e-14 6.68591008233e-16
1343.93432 4.34059704827e-14 6.74612196967e-16
1343.97312 4.31180079311e-14 6.70796276218e-16
1344.01192 4.33202797159e-14 6.72393427046e-16
1344.05072 4.2879472843e-14 6.67788671773e-16
1344.08952 4.27777174673e-14 6.67440911993e-16
1344.12832 4.2242235899e-14 6.62257441494e-16
1344.16713 4.35500775057e-14 6.7633156858e-16
1344.20593 4.26928412491e-14 6.66904766103e-16
1344.24473 4.26998732175e-14 6.66471916901e-16
1344.28353 4.29820644234e-14 6.69318565776e-16
1344.32233 4.19539421328e-14 6.57972431243e-16
1344.36113 4.232120272e-14 6.61592594156e-16
1344.39993 4.2696452423e-14 6.65685929231e-16
1344.43873 4.26660621984e-14 6.65800342561e-16
1344.47753 4.19252972023e-14 6.58428991432e-16
1344.51634 4.24219629162e-14 6.64439407411e-16
1344.55514 4.25424933963e-14 6.65864089001e-16
1344.59394 4.27206547003e-14 6.67661854127e-16
1344.63274 4.25633975057e-14 6.6609506561e-16
1344.67154 4.21402576793e-14 6.61288403147e-16
1344.71034 4.2303691894e-14 6.62982374438e-16
1344.74914 4.22314983843e-14 6.62472573876e-16
1344.78794 4.22621740738e-14 6.63176125636e-16
1344.82674 4.29133471666e-14 6.71259624846e-16
1344.86555 4.28057724765e-14 6.70563396173e-16
1344.90435 4.28455589019e-14 6.70781421097e-16
1344.94315 4.33761706946e-14 6.76164225901e-16
1344.98195 4.30267826313e-14 6.71572517532e-16
1345.02075 4.30143638998e-14 6.71121608553e-16
1345.05955 4.24672115351e-14 6.65083146751e-16
1345.09835 4.23524588995e-14 6.64173931335e-16
1345.13715 4.28517035563e-14 6.70275112319e-16
1345.17596 4.35394490353e-14 6.77852124198e-16
1345.21476 4.34590349074e-14 6.7786400237e-16
1345.25356 4.31622854342e-14 6.74829476622e-16
1345.29236 4.32531580018e-14 6.76446073178e-16
1345.33116 4.37421973381e-14 6.81934979432e-16
1345.36996 4.32898882332e-14 6.77140949475e-16
1345.40876 4.34063317942e-14 6.7912665063e-16
1345.44756 4.30098107064e-14 6.75349275137e-16
1345.48636 4.291530729e-14 6.74986598667e-16
1345.52517 4.34110766648e-14 6.8153357364e-16
1345.56397 4.31818376988e-14 6.8027163107e-16
1345.60277 4.28886017876e-14 6.78149289426e-16
1345.64157 4.33733987471e-14 6.83138291662e-16
1345.68037 4.29528210815e-14 6.781339571e-16
1345.71917 4.2750737011e-14 6.75294264777e-16
1345.75797 4.24054688962e-14 6.71225873199e-16
1345.79677 4.319097339e-14 6.78547349922e-16
1345.83557 4.342380118e-14 6.80973279961e-16
1345.87438 4.30231055374e-14 6.76507433378e-16
1345.91318 4.30655214107e-14 6.76522914809e-16
1345.95198 4.24060457702e-14 6.6817949478e-16
1345.99078 4.35779829516e-14 6.80021428286e-16
1346.02958 4.28172301079e-14 6.70607607677e-16
1346.06838 4.26016743698e-14 6.67657232212e-16
1346.10718 4.31343352094e-14 6.72730944627e-16
1346.14598 4.28043262792e-14 6.68954087432e-16
1346.18478 4.24150951532e-14 6.64566178623e-16
1346.22359 4.29821843554e-14 6.7110481433e-16
1346.26239 4.34068554191e-14 6.76320785962e-16
1346.30119 4.21466327217e-14 6.63226469458e-16
1346.33999 4.27927488545e-14 6.69673729472e-16
1346.37879 4.29428700988e-14 6.71074905317e-16
1346.41759 4.33421603899e-14 6.74900301166e-16
1346.45639 4.20299141623e-14 6.59604685048e-16
1346.49519 4.2403726703e-14 6.63811431471e-16
1346.53399 4.21134876043e-14 6.60454029469e-16
1346.5728 4.20722921222e-14 6.59987471678e-16
1346.6116 4.22234878302e-14 6.62399302875e-16
1346.6504 4.27815671776e-14 6.6845231643e-16
1346.6892 4.18427756564e-14 6.58061283967e-16
1346.728 4.22412021324e-14 6.61220254436e-16
1346.7668 4.26384655975e-14 6.65019241775e-16
1346.8056 4.23947644009e-14 6.62235053112e-16
1346.8444 4.19556643241e-14 6.57925407644e-16
1346.8832 4.16764391403e-14 6.55099425325e-16
1346.92201 4.22434344159e-14 6.61898448932e-16
1346.96081 4.28307133666e-14 6.69481217078e-16
1346.99961 4.20020586517e-14 6.61009932748e-16
1347.03841 4.30893390955e-14 6.726351119e-16
1347.07721 4.21362499355e-14 6.62300411054e-16
1347.11601 4.1897414547e-14 6.5924935422e-16
1347.15481 4.19025690694e-14 6.5949079071e-16
1347.19361 4.225251026e-14 6.63363611862e-16
1347.23241 4.21660314356e-14 6.62437503344e-16
1347.27122 4.28787101864e-14 6.70754729507e-16
1347.31002 4.2855046196e-14 6.71017980054e-16
1347.34882 4.21123284471e-14 6.62623879505e-16
1347.38762 4.21897893625e-14 6.63920371266e-16
1347.42642 4.22265425877e-14 6.64775430555e-16
1347.46522 4.20756388435e-14 6.64525164898e-16
1347.50402 4.23123692859e-14 6.66141230896e-16
1347.54282 4.26124328968e-14 6.69638628914e-16
1347.58162 4.27370894874e-14 6.71011636988e-16
1347.62043 4.29532233379e-14 6.72322930239e-16
1347.65923 4.28853390266e-14 6.71936509474e-16
1347.69803 4.32962990244e-14 6.76896774867e-16
1347.73683 4.23125346802e-14 6.66554319588e-16
1347.77563 4.30487686048e-14 6.7511372098e-16
1347.81443 4.28726496211e-14 6.74743823267e-16
1347.85323 4.1940684918e-14 6.63093756773e-16
1347.89203 4.25038251732e-14 6.68252160702e-16
1347.93084 4.32031169992e-14 6.76470362833e-16
1347.96964 4.33205695102e-14 6.78298589346e-16
1348.00844 4.27327395918e-14 6.73463388108e-16
1348.04724 4.27225779109e-14 6.75396878482e-16
1348.08604 4.28373900666e-14 6.81696901795e-16
1348.12484 4.32964915238e-14 6.86199380489e-16
1348.16364 4.3390888848e-14 6.91150297719e-16
1348.20244 4.32687416347e-14 6.87353284554e-16
1348.24124 4.33199348992e-14 6.83649739906e-16
1348.28005 4.24948488233e-14 6.71432727864e-16
1348.31885 4.30690905202e-14 6.74860423231e-16
1348.35765 4.27152912778e-14 6.6918803742e-16
1348.39645 4.27837129052e-14 6.70378806109e-16
1348.43525 4.28144836903e-14 6.70866931556e-16
1348.47405 4.27911132884e-14 6.70293340843e-16
1348.51285 4.33558861972e-14 6.76161336798e-16
1348.55165 4.24743579372e-14 6.66602809377e-16
1348.59045 4.24027843665e-14 6.65750763506e-16
1348.62926 4.33863658803e-14 6.76494852326e-16
1348.66806 4.32065083903e-14 6.75523031295e-16
1348.70686 4.2799699062e-14 6.72576448173e-16
1348.74566 4.35549841446e-14 6.82408306291e-16
1348.78446 4.3179006142e-14 6.78343477306e-16
1348.82326 4.30190545751e-14 6.76887133544e-16
1348.86206 4.35989031695e-14 6.82690348812e-16
1348.90086 4.28919294185e-14 6.74914661307e-16
1348.93966 4.31043555928e-14 6.7636415206e-16
1348.97847 4.3587899201e-14 6.8102618556e-16
1349.01727 4.30879186955e-14 6.75145765962e-16
1349.05607 4.32152558333e-14 6.76613258225e-16
1349.09487 4.31201653191e-14 6.75597100103e-16
1349.13367 4.3613928365e-14 6.80711241176e-16
1349.17247 4.27513244854e-14 6.71653258624e-16
1349.21127 4.29856187322e-14 6.73200761343e-16
1349.25007 4.28128014828e-14 6.70738729788e-16
1349.28887 4.31879725256e-14 6.73501392748e-16
1349.32768 4.29225534934e-14 6.70298915016e-16
1349.36648 4.32611809393e-14 6.73835371084e-16
1349.40528 4.26373590357e-14 6.67996958241e-16
1349.44408 4.28859096593e-14 6.71439717445e-16
1349.48288 4.23582070335e-14 6.65481720819e-16
1349.52168 4.26808397433e-14 6.68813215813e-16
1349.56048 4.19508690576e-14 6.60751228028e-16
1349.59928 4.31447893099e-14 6.73170959741e-16
1349.63808 4.26721097759e-14 6.67707254235e-16
1349.67689 4.26117586388e-14 6.67328829676e-16
1349.71569 4.30379855485e-14 6.7205096564e-16
1349.75449 4.19987147588e-14 6.61630665431e-16
1349.79329 4.27478154706e-14 6.69943140257e-16
1349.83209 4.21868914696e-14 6.65417079894e-16
1349.87089 4.26690272298e-14 6.70644057081e-16
1349.90969 4.24245444051e-14 6.68460772065e-16
1349.94849 4.21532475884e-14 6.65637030268e-16
1349.98729 4.2620658092e-14 6.68982959701e-16
1350.0261 4.25661283894e-14 6.67412112595e-16
1350.0649 4.2245945398e-14 6.64450300264e-16
1350.1037 4.25249838185e-14 6.6924279533e-16
1350.1425 4.30154726115e-14 6.75485527352e-16
1350.1813 4.31270184298e-14 6.79191970312e-16
1350.2201 4.31641719301e-14 6.80138458047e-16
1350.2589 4.23989809706e-14 6.71639455151e-16
1350.2977 4.23468203845e-14 6.72511986421e-16
1350.3365 4.26860263043e-14 6.77681006465e-16
1350.37531 4.28752698952e-14 6.8172056063e-16
1350.41411 4.25838110393e-14 6.83286557212e-16
1350.45291 4.32442178117e-14 6.95589795704e-16
1350.49171 4.29270779175e-14 6.94875910932e-16
1350.53051 4.29792313706e-14 6.97793820547e-16
1350.56931 4.28351649458e-14 6.97363326264e-16
1350.60811 4.30579400993e-14 7.05570940377e-16
1350.64691 4.26442816229e-14 7.02639278634e-16
1350.68572 4.24585732355e-14 6.96654518473e-16
1350.72452 4.21294705166e-14 6.91904987515e-16
1350.76332 4.26329059804e-14 6.91401868417e-16
1350.80212 4.29834747283e-14 6.87555531246e-16
1350.84092 4.25550219745e-14 6.77364239915e-16
1350.87972 4.2406533572e-14 6.73073628013e-16
1350.91852 4.2540307972e-14 6.703243892e-16
1350.95732 4.27486714098e-14 6.72413718374e-16
1350.99612 4.28603001581e-14 6.72386719605e-16
1351.03493 4.30604913625e-14 6.73944349232e-16
1351.07373 4.27325752278e-14 6.70093645324e-16
1351.11253 4.24682702966e-14 6.6662508474e-16
1351.15133 4.23907699223e-14 6.65891040535e-16
1351.19013 4.2865930718e-14 6.71592723145e-16
1351.22893 4.21825503019e-14 6.65124429092e-16
1351.26773 4.23035400324e-14 6.66868053246e-16
1351.30653 4.25316017117e-14 6.69014990452e-16
1351.34533 4.28811869801e-14 6.72546615307e-16
1351.38414 4.25629523923e-14 6.68677187761e-16
1351.42294 4.33343876788e-14 6.76543743836e-16
1351.46174 4.30200941619e-14 6.72149720799e-16
1351.50054 4.25233159264e-14 6.6692000201e-16
1351.53934 4.24835369311e-14 6.66821945963e-16
1351.57814 4.35819053284e-14 6.79573780134e-16
1351.61694 4.27327435843e-14 6.71107069175e-16
1351.65574 4.26208671853e-14 6.69744647235e-16
1351.69454 4.25396045186e-14 6.68605715515e-16
1351.73335 4.25503187721e-14 6.68200570481e-16
1351.77215 4.23495003274e-14 6.6567136965e-16
1351.81095 4.22037348436e-14 6.63285967394e-16
1351.84975 4.16309145274e-14 6.56740361399e-16
1351.88855 4.08417293138e-14 6.48707780781e-16
1351.92735 3.97382142354e-14 6.38174983194e-16
1351.96615 3.89074195239e-14 6.30764114554e-16
1352.00495 3.68104247522e-14 6.08158152187e-16
1352.04375 3.5500206059e-14 5.93743357508e-16
1352.08256 3.46190109158e-14 5.83943132905e-16
1352.12136 3.39687873072e-14 5.75768611019e-16
1352.16016 3.33561887238e-14 5.68730215699e-16
1352.19896 3.40343581685e-14 5.75565561202e-16
1352.23776 3.47323605428e-14 5.84036920331e-16
1352.27656 3.59416121508e-14 5.97800844881e-16
1352.31536 3.75001365266e-14 6.14670947375e-16
1352.35416 3.9580514201e-14 6.37250787258e-16
1352.39296 4.01206449747e-14 6.42147738604e-16
1352.43177 4.033852297e-14 6.43508767963e-16
1352.47057 4.14534814834e-14 6.54542222526e-16
1352.50937 4.13508492008e-14 6.53255564211e-16
1352.54817 4.22126272035e-14 6.63778362464e-16
1352.58697 4.1812695971e-14 6.59916397734e-16
1352.62577 4.26306730628e-14 6.69320432607e-16
1352.66457 4.23042657167e-14 6.67749259698e-16
1352.70337 4.23846186502e-14 6.71211836017e-16
1352.74217 4.25604110359e-14 6.77801727069e-16
1352.78098 4.19374552556e-14 6.73026821028e-16
1352.81978 4.23391680412e-14 6.81557695999e-16
