jdat_notebooks/composite_model_fitting/n5548_mean_g130mb4.ecsv
# %ECSV 0.9
# ---
# datatype:
# - {name: wavelength, unit: AA, datatype: float64, format: '%11.5f'}
# - {name: flux, unit: erg cm-2 s-1 AA-1, datatype: float64, '%17.11e'}
# - {name: uncertainty, unit: erg cm-2 s-1 AA-1, datatype: float64, '%17.11e'}
wavelength flux uncertainty
[from data line 2058]
1219.84831 8.03349104899e-14 1.03533510141e-15
1219.88711 8.1355101699e-14 1.0463113317e-15
1219.92592 8.21278726622e-14 1.0543709879e-15
1219.96472 8.21477209327e-14 1.05438824447e-15
1220.00352 8.19540762428e-14 1.05170373567e-15
1220.04232 8.2882542046e-14 1.06084001718e-15
1220.08112 8.36281947195e-14 1.06865876606e-15
1220.11992 8.60283495574e-14 1.09484117949e-15
1220.15872 8.76254439103e-14 1.11233228789e-15
1220.19752 8.93640989664e-14 1.13209657829e-15
1220.23633 9.00682880199e-14 1.13992569605e-15
1220.27513 9.1532466676e-14 1.15577796476e-15
1220.31393 9.30511655836e-14 1.1715983337e-15
1220.35273 9.35473667965e-14 1.1765074755e-15
1220.39153 9.42489826332e-14 1.18360939271e-15
1220.43033 9.51415438292e-14 1.19317373102e-15
1220.46913 9.46184493896e-14 1.18759966272e-15
1220.50793 9.65711425783e-14 1.20895706802e-15
1220.54673 9.58158970734e-14 1.20102227665e-15
1220.58554 9.71901103095e-14 1.21587082004e-15
1220.62434 9.71465029135e-14 1.21572847385e-15
1220.66314 9.82004183976e-14 1.22697388586e-15
1220.70194 9.73976619528e-14 1.21781991569e-15
1220.74074 9.94835805056e-14 1.2403447835e-15
1220.77954 9.94846059405e-14 1.24029873498e-15
1220.81834 9.95348917207e-14 1.24135482386e-15
1220.85714 1.00538748093e-13 1.25294708375e-15
1220.89594 1.01796347162e-13 1.26738572035e-15
1220.93475 1.01958194057e-13 1.26939427809e-15
1220.97355 1.01501186515e-13 1.26460496036e-15
1221.01235 1.01846992639e-13 1.26786112438e-15
1221.05115 1.01855291422e-13 1.2671791906e-15
1221.08995 1.03187081662e-13 1.28109662134e-15
1221.12875 1.0287108341e-13 1.27739593348e-15
1221.16755 1.03043111066e-13 1.27951607953e-15
1221.20635 1.0430458073e-13 1.29364521562e-15
1221.24515 1.0466326655e-13 1.29807449054e-15
1221.28396 1.04343529821e-13 1.29484243809e-15
1221.32276 1.04959852352e-13 1.3016642699e-15
1221.36156 1.05292450152e-13 1.30520971318e-15
1221.40036 1.05001410701e-13 1.30162612974e-15
1221.43916 1.06811760845e-13 1.32115341666e-15
1221.47796 1.06521757529e-13 1.31760326423e-15
1221.51676 1.06321782065e-13 1.31543795724e-15
1221.55556 1.07480347866e-13 1.32787877702e-15
1221.59436 1.06285178988e-13 1.31492754208e-15
1221.63317 1.07012024597e-13 1.32334736799e-15
1221.67197 1.07885406392e-13 1.33296462384e-15
1221.71077 1.0776904372e-13 1.33135200619e-15
1221.74957 1.09111691515e-13 1.34566485433e-15
1221.78837 1.08320785725e-13 1.3362417365e-15
1221.82717 1.0796761297e-13 1.33198126275e-15
1221.86597 1.0848858848e-13 1.33749978695e-15
1221.90477 1.08170348117e-13 1.33426605119e-15
1221.94357 1.08490063962e-13 1.338451537e-15
1221.98238 1.07315987056e-13 1.32673548587e-15
1222.02118 1.07181207887e-13 1.32544129417e-15
1222.05998 1.07654972297e-13 1.33042302703e-15
1222.09878 1.06948718326e-13 1.32250706445e-15
1222.13758 1.05100837232e-13 1.30204319482e-15
1222.17638 1.0232700522e-13 1.27159670458e-15
1222.21518 1.00796169945e-13 1.25525760303e-15
1222.25398 9.82586133653e-14 1.2280542261e-15
1222.29278 9.59413662311e-14 1.20369593252e-15
1222.33159 9.20848975024e-14 1.16295609062e-15
1222.37039 8.95970974213e-14 1.13664297553e-15
1222.40919 8.69185972934e-14 1.10775847638e-15
1222.44799 8.69630799964e-14 1.10856945767e-15
1222.48679 8.66348362631e-14 1.10453727022e-15
1222.52559 8.8571905607e-14 1.12503127763e-15
1222.56439 9.11776631794e-14 1.15268814969e-15
1222.60319 9.50826051171e-14 1.194548694e-15
1222.64199 9.99010063071e-14 1.24612892521e-15
1222.6808 1.03246154612e-13 1.28226450504e-15
1222.7196 1.0541063128e-13 1.30504782977e-15
1222.7584 1.05971988724e-13 1.31091556896e-15
1222.7972 1.08091814867e-13 1.33346473583e-15
1222.836 1.10754111106e-13 1.36200006272e-15
1222.8748 1.11812695634e-13 1.37266568765e-15
1222.9136 1.12158612121e-13 1.37584120827e-15
1222.9524 1.12243456132e-13 1.37695130079e-15
1222.99121 1.12739396399e-13 1.3827197432e-15
1223.03001 1.14722983703e-13 1.40486459127e-15
1223.06881 1.16009308662e-13 1.41919449375e-15
1223.10761 1.17067460182e-13 1.43119081081e-15
1223.14641 1.16637691555e-13 1.42656403728e-15
1223.18521 1.17398318146e-13 1.43458144527e-15
1223.22401 1.18547824439e-13 1.44667930272e-15
1223.26281 1.18224990601e-13 1.44323199574e-15
1223.30161 1.19034963014e-13 1.45221847948e-15
1223.34042 1.19780932824e-13 1.46045316603e-15
1223.37922 1.21063147286e-13 1.47491298308e-15
1223.41802 1.20321474062e-13 1.46732077247e-15
1223.45682 1.20477069517e-13 1.46914620664e-15
1223.49562 1.2244677717e-13 1.49074101454e-15
1223.53442 1.2185499252e-13 1.48334476445e-15
1223.57322 1.22426574711e-13 1.48922136452e-15
1223.61202 1.2357870108e-13 1.50153374166e-15
1223.65082 1.23888275117e-13 1.50473949175e-15
1223.68963 1.23554785942e-13 1.50110923372e-15
1223.72843 1.24494650887e-13 1.51187775225e-15
1223.76723 1.24785044334e-13 1.51548324274e-15
1223.80603 1.26252103021e-13 1.53152904462e-15
1223.84483 1.25240242494e-13 1.52018086433e-15
1223.88363 1.25658295675e-13 1.52466501129e-15
1223.92243 1.25910726116e-13 1.52666755734e-15
1223.96123 1.27053937458e-13 1.53858530383e-15
1224.00003 1.26635776768e-13 1.5339265476e-15
1224.03884 1.29014082495e-13 1.55993824507e-15
1224.07764 1.2697559644e-13 1.53763106232e-15
1224.11644 1.27189813589e-13 1.54001433248e-15
1224.15524 1.28126995173e-13 1.55062796118e-15
1224.19404 1.28832102331e-13 1.55865276864e-15
1224.23284 1.28014481419e-13 1.54976435776e-15
1224.27164 1.29037241624e-13 1.56124174295e-15
1224.31044 1.28013173521e-13 1.54986374287e-15
1224.34924 1.26982057984e-13 1.53866433465e-15
1224.38805 1.26476638239e-13 1.53323446777e-15
1224.42685 1.25282375161e-13 1.51998532902e-15
1224.46565 1.23379226148e-13 1.49917060279e-15
1224.50445 1.21386613377e-13 1.47767655405e-15
1224.54325 1.19577158928e-13 1.45823044358e-15
1224.58205 1.19365383612e-13 1.45618965987e-15
1224.62085 1.22750077259e-13 1.49342757858e-15
1224.65965 1.2416853492e-13 1.50898325674e-15
1224.69845 1.23534217644e-13 1.50190957718e-15
1224.73726 1.2400590931e-13 1.50683541715e-15
1224.77606 1.2562886022e-13 1.52435014106e-15
1224.81486 1.26389250474e-13 1.53283596365e-15
1224.85366 1.28352084579e-13 1.5543225728e-15
1224.89246 1.29559314413e-13 1.5677042656e-15
1224.93126 1.30736611154e-13 1.58018593381e-15
1224.97006 1.31393557306e-13 1.58701052991e-15
1225.00886 1.32527343856e-13 1.59892279841e-15
1225.04766 1.34079432723e-13 1.61523398473e-15
1225.08647 1.33859085632e-13 1.61231606198e-15
1225.12527 1.30585040681e-13 1.57625892247e-15
1225.16407 1.28556310226e-13 1.55384499946e-15
1225.20287 1.31823713607e-13 1.58941498493e-15
1225.24167 1.33192734739e-13 1.60405729715e-15
1225.28047 1.36079346859e-13 1.63553738718e-15
1225.31927 1.36238684357e-13 1.63714038819e-15
1225.35807 1.34511366228e-13 1.61806817555e-15
1225.39687 1.32879020285e-13 1.60011767649e-15
1225.43568 1.36348456063e-13 1.63788244155e-15
1225.47448 1.37100428731e-13 1.64596490292e-15
1225.51328 1.37204296369e-13 1.64739688534e-15
1225.55208 1.36355566463e-13 1.63836416686e-15
1225.59088 1.34113963294e-13 1.61398035037e-15
1225.62968 1.32885190608e-13 1.60033017098e-15
1225.66848 1.38471418665e-13 1.66105749698e-15
1225.70728 1.41520160025e-13 1.6941068964e-15
1225.74609 1.42251928491e-13 1.70170372266e-15
1225.78489 1.42623991567e-13 1.70590562309e-15
1225.82369 1.44028083112e-13 1.72156426443e-15
1225.86249 1.43590147661e-13 1.71683806043e-15
1225.90129 1.44514810078e-13 1.72712048828e-15
1225.94009 1.43693245341e-13 1.71838680509e-15
1225.97889 1.43538437201e-13 1.71710178308e-15
1226.01769 1.42626443187e-13 1.70708711e-15
1226.05649 1.45191181321e-13 1.73528652408e-15
1226.0953 1.46134282507e-13 1.74566385836e-15
1226.1341 1.46601919114e-13 1.75062274062e-15
1226.1729 1.47443431308e-13 1.75961006987e-15
1226.2117 1.47280023693e-13 1.75814755062e-15
1226.2505 1.47178754851e-13 1.75704755093e-15
1226.2893 1.47472867873e-13 1.76024537669e-15
1226.3281 1.47853734424e-13 1.76427778109e-15
1226.3669 1.50314013682e-13 1.79083929168e-15
1226.4057 1.50531970694e-13 1.79296769533e-15
1226.44451 1.52162446031e-13 1.81067998843e-15
1226.48331 1.51002879642e-13 1.7977870085e-15
1226.52211 1.51572264303e-13 1.80391894736e-15
1226.56091 1.5170055205e-13 1.80546596255e-15
1226.59971 1.52692976231e-13 1.8165517029e-15
1226.63851 1.52951757774e-13 1.81936162313e-15
1226.67731 1.53999953973e-13 1.83088808188e-15
1226.71611 1.53331892569e-13 1.82313829679e-15
1226.75491 1.54169381129e-13 1.83250312565e-15
1226.79372 1.54673881363e-13 1.8379690881e-15
1226.83252 1.55297941832e-13 1.84485264279e-15
1226.87132 1.54468664083e-13 1.83616334671e-15
1226.91012 1.5554210856e-13 1.84855501155e-15
1226.94892 1.55318135098e-13 1.84648050584e-15
1226.98772 1.53985091923e-13 1.83195308045e-15
1227.02652 1.5443952397e-13 1.83708267223e-15
1227.06532 1.55366192597e-13 1.84747215517e-15
1227.10412 1.56130179105e-13 1.8564985103e-15
1227.14293 1.56501058198e-13 1.8610899209e-15
1227.18173 1.56911844212e-13 1.86596030338e-15
1227.22053 1.57444790011e-13 1.87235368672e-15
1227.25933 1.58369403727e-13 1.88272225293e-15
1227.29813 1.58394215075e-13 1.88315472884e-15
1227.33693 1.58248926832e-13 1.88192196411e-15
1227.37573 1.56672148907e-13 1.86477907689e-15
1227.41453 1.57767067879e-13 1.87645256501e-15
1227.45333 1.55235490995e-13 1.84784976027e-15
1227.49214 1.54650666359e-13 1.84096953123e-15
1227.53094 1.55087558781e-13 1.84474669425e-15
1227.56974 1.56351222369e-13 1.85801590537e-15
1227.60854 1.55219168521e-13 1.84522394048e-15
1227.64734 1.55288769506e-13 1.84533962715e-15
1227.68614 1.56812781975e-13 1.86171812357e-15
1227.72494 1.57160324051e-13 1.86530633533e-15
1227.76374 1.5826721256e-13 1.87686719804e-15
1227.80254 1.60312210049e-13 1.89903544211e-15
1227.84135 1.60643189511e-13 1.90271895408e-15
1227.88015 1.60229885501e-13 1.89824709957e-15
1227.91895 1.6072638693e-13 1.90370149922e-15
1227.95775 1.61764590002e-13 1.91535439874e-15
1227.99655 1.62125389858e-13 1.91963453845e-15
1228.03535 1.63287915334e-13 1.93243840277e-15
1228.07415 1.63016251678e-13 1.92955985792e-15
1228.11295 1.642245694e-13 1.943314797e-15
1228.15175 1.63818106919e-13 1.93861013589e-15
1228.19056 1.64358792995e-13 1.94411676348e-15
1228.22936 1.63671764869e-13 1.93629467119e-15
1228.26816 1.64980180169e-13 1.95030904278e-15
1228.30696 1.65321642035e-13 1.95397736343e-15
1228.34576 1.6504057023e-13 1.95090303221e-15
1228.38456 1.65918742883e-13 1.96039037657e-15
1228.42336 1.66243615702e-13 1.9642374349e-15
1228.46216 1.66324003349e-13 1.96500995082e-15
1228.50097 1.64911671114e-13 1.94929371875e-15
1228.53977 1.63867835619e-13 1.93785175851e-15
1228.57857 1.60689961898e-13 1.90306366932e-15
1228.61737 1.5802913163e-13 1.87398913306e-15
1228.65617 1.56064883901e-13 1.85216570858e-15
1228.69497 1.56266556482e-13 1.85444118811e-15
1228.73377 1.58533076844e-13 1.87925242967e-15
1228.77257 1.60550922044e-13 1.90090111524e-15
1228.81137 1.62662204547e-13 1.92404058645e-15
1228.85018 1.63149148275e-13 1.92886669136e-15
1228.88898 1.66245683533e-13 1.9625258259e-15
1228.92778 1.68043384176e-13 1.98191372826e-15
1228.96658 1.69721180142e-13 1.99984744683e-15
1229.00538 1.71002001269e-13 2.0138684452e-15
1229.04418 1.71749546938e-13 2.02228740121e-15
1229.08298 1.71156455538e-13 2.01591598425e-15
1229.12178 1.741335135e-13 2.04865596733e-15
1229.16058 1.739764833e-13 2.04720752974e-15
1229.19939 1.74306647906e-13 2.05114118092e-15
1229.23819 1.73640302165e-13 2.04388250686e-15
1229.27699 1.73966015598e-13 2.04763312535e-15
1229.31579 1.75297327338e-13 2.06241158972e-15
1229.35459 1.74693527857e-13 2.05609170494e-15
1229.39339 1.75520834189e-13 2.06557492138e-15
1229.43219 1.76280906514e-13 2.0740894787e-15
1229.47099 1.76481249719e-13 2.07642414227e-15
1229.50979 1.7721741594e-13 2.08441888072e-15
1229.5486 1.78575318056e-13 2.09899956983e-15
1229.5874 1.7772653287e-13 2.08947112816e-15
1229.6262 1.78719305652e-13 2.10002077809e-15
1229.665 1.77640817653e-13 2.08819473308e-15
1229.7038 1.79417796324e-13 2.10768505944e-15
1229.7426 1.78374647054e-13 2.09611749924e-15
1229.7814 1.78971967794e-13 2.10261796452e-15
1229.8202 1.79378137667e-13 2.10646873433e-15
1229.859 1.8110899677e-13 2.12501879865e-15
1229.89781 1.8013974214e-13 2.114510658e-15
1229.93661 1.80664988796e-13 2.11979872363e-15
1229.97541 1.80849547983e-13 2.12152267313e-15
1230.01421 1.80701927675e-13 2.11992970008e-15
1230.05301 1.81307742837e-13 2.12650002891e-15
1230.09181 1.81946315329e-13 2.13338334503e-15
1230.13061 1.81971736938e-13 2.13373609499e-15
1230.16941 1.82471160482e-13 2.13939033727e-15
1230.20821 1.8274031058e-13 2.14250843416e-15
1230.24702 1.83714007824e-13 2.1531510472e-15
1230.28582 1.826293157e-13 2.14154247964e-15
1230.32462 1.83445145737e-13 2.15050614537e-15
1230.36342 1.8421930944e-13 2.15913249153e-15
1230.40222 1.8514337297e-13 2.17014169004e-15
1230.44102 1.83624940061e-13 2.15387789123e-15
1230.47982 1.84501006484e-13 2.16369875617e-15
1230.51862 1.83758563699e-13 2.15648886318e-15
1230.55742 1.84075114197e-13 2.16026093177e-15
1230.59623 1.85361918646e-13 2.17498183016e-15
1230.63503 1.85068110636e-13 2.17218289471e-15
1230.67383 1.84809830298e-13 2.1695505531e-15
1230.71263 1.85600310531e-13 2.17836689194e-15
1230.75143 1.83033411244e-13 2.15004418518e-15
1230.79023 1.83725156085e-13 2.15805295489e-15
1230.82903 1.82507479828e-13 2.14474656257e-15
1230.86783 1.805804834e-13 2.12351109871e-15
1230.90664 1.76683555424e-13 2.08075400944e-15
1230.94544 1.7421953773e-13 2.05386963471e-15
1230.98424 1.7058369602e-13 2.01402001561e-15
1231.02304 1.66187028908e-13 1.96568715246e-15
1231.06184 1.61304455353e-13 1.91093199883e-15
1231.10064 1.56380667374e-13 1.85653996361e-15
1231.13944 1.50743756987e-13 1.79448088032e-15
1231.17824 1.44845715318e-13 1.72957062047e-15
1231.21704 1.38377904326e-13 1.65839243681e-15
1231.25585 1.28551381743e-13 1.55057750602e-15
1231.29465 1.19886051773e-13 1.45608296848e-15
1231.33345 1.10309686135e-13 1.35180436051e-15
1231.37225 1.00196375671e-13 1.24172227986e-15
1231.41105 9.22265672005e-14 1.15482885244e-15
1231.44985 8.71379283218e-14 1.09983518228e-15
1231.48865 8.32430534747e-14 1.05802763801e-15
1231.52745 7.94404229923e-14 1.01713488578e-15
1231.56625 7.7429046311e-14 9.95284021127e-16
1231.60506 7.54613585785e-14 9.7401337774e-16
1231.64386 7.42501852954e-14 9.60777697824e-16
1231.68266 7.35276209173e-14 9.53302667962e-16
1231.72146 7.38475413185e-14 9.56703371368e-16
1231.76026 7.47220864903e-14 9.66710305532e-16
1231.79906 7.4889403712e-14 9.68995223301e-16
1231.83786 7.7564445013e-14 9.98532676794e-16
1231.87666 7.84125572883e-14 1.00781698113e-15
1231.91546 7.9403416747e-14 1.0182970021e-15
1231.95427 8.14937262393e-14 1.04107228484e-15
1231.99307 8.36225513402e-14 1.06410837586e-15
1232.03187 8.46396426662e-14 1.07471691423e-15
1232.07067 8.77734102036e-14 1.10871937287e-15
1232.10947 9.09911234415e-14 1.14362174059e-15
1232.14827 9.18636064497e-14 1.15250864928e-15
1232.18707 9.4880946802e-14 1.18514760869e-15
1232.22587 9.83634324343e-14 1.22285936481e-15
1232.26467 1.01158715699e-13 1.25302926377e-15
1232.30348 1.04568770484e-13 1.28950250009e-15
1232.34228 1.08057032742e-13 1.32759319321e-15
1232.38108 1.12902168789e-13 1.3797754302e-15
1232.41988 1.17852526854e-13 1.43344022407e-15
1232.45868 1.21771020982e-13 1.47601819295e-15
1232.49748 1.28121658568e-13 1.54507070928e-15
1232.53628 1.35403700399e-13 1.62443522436e-15
1232.57508 1.42185975434e-13 1.69862458918e-15
1232.61388 1.50330747169e-13 1.78798684281e-15
1232.65269 1.57804026413e-13 1.86949955605e-15
1232.69149 1.65719981876e-13 1.95576372819e-15
1232.73029 1.74689604044e-13 2.0540790217e-15
1232.76909 1.8315187325e-13 2.1470587561e-15
1232.80789 1.91171278838e-13 2.23488556759e-15
1232.84669 1.96789782516e-13 2.29657361336e-15
1232.88549 2.01951473855e-13 2.35327027171e-15
1232.92429 2.05207347007e-13 2.38941386912e-15
1232.96309 2.07146041485e-13 2.41068236503e-15
1233.0019 2.06510170939e-13 2.40411878565e-15
1233.0407 2.02750517937e-13 2.36307518089e-15
1233.0795 1.95924650366e-13 2.28852185634e-15
