jdat_notebooks/composite_model_fitting/n5548_mean_g130mb4.ecsv
# %ECSV 0.9
# ---
# datatype:
# - {name: wavelength, unit: AA, datatype: float64, format: '%11.5f'}
# - {name: flux, unit: erg cm-2 s-1 AA-1, datatype: float64, '%17.11e'}
# - {name: uncertainty, unit: erg cm-2 s-1 AA-1, datatype: float64, '%17.11e'}
wavelength flux uncertainty
[from data line 2744]
1246.46589 1.31089689913e-13 1.57355076169e-15
1246.50469 1.32290821903e-13 1.58752455602e-15
1246.54349 1.31718864401e-13 1.58126239146e-15
1246.58229 1.30764783767e-13 1.57066047225e-15
1246.62109 1.31731562525e-13 1.58172366088e-15
1246.65989 1.30727746057e-13 1.57118019663e-15
1246.69869 1.30791046028e-13 1.57241646644e-15
1246.73749 1.29568971104e-13 1.55931852399e-15
1246.7763 1.28733549423e-13 1.54941983547e-15
1246.8151 1.28909317101e-13 1.5499449464e-15
1246.8539 1.27859675617e-13 1.53828254777e-15
1246.8927 1.27774637709e-13 1.53832564185e-15
1246.9315 1.27753656178e-13 1.54122086354e-15
1246.9703 1.27039913405e-13 1.53706569649e-15
1247.0091 1.27712879081e-13 1.55352796935e-15
1247.0479 1.26519865689e-13 1.54517183498e-15
1247.08671 1.27671342289e-13 1.55969486551e-15
1247.12551 1.27169069623e-13 1.55559809431e-15
1247.16431 1.26354559413e-13 1.54792039686e-15
1247.20311 1.26300828239e-13 1.54508513633e-15
1247.24191 1.27151485972e-13 1.55417641925e-15
1247.28071 1.25403314744e-13 1.53873571283e-15
1247.31951 1.2606855005e-13 1.55033271361e-15
1247.35831 1.24827089741e-13 1.53683079297e-15
1247.39711 1.23571744948e-13 1.52371623956e-15
1247.43592 1.24485419753e-13 1.53060527896e-15
1247.47472 1.23195871274e-13 1.50934849286e-15
1247.51352 1.23089291942e-13 1.50221709192e-15
1247.55232 1.22727693081e-13 1.49270960112e-15
1247.59112 1.23763858638e-13 1.49928439905e-15
1247.62992 1.23379055553e-13 1.49384714482e-15
1247.66872 1.2058161807e-13 1.46223364768e-15
1247.70752 1.21908176995e-13 1.47672767103e-15
1247.74632 1.22036455231e-13 1.47792804124e-15
1247.78513 1.20157918994e-13 1.45678920148e-15
1247.82393 1.21277485377e-13 1.46828830844e-15
1247.86273 1.20134093255e-13 1.45454999342e-15
1247.90153 1.19287074772e-13 1.44440366491e-15
1247.94033 1.19340825918e-13 1.44392868629e-15
1247.97913 1.19278854609e-13 1.44306282185e-15
1248.01793 1.17763133989e-13 1.42642738564e-15
1248.05673 1.18104222011e-13 1.43039375894e-15
1248.09553 1.17867454051e-13 1.4280757795e-15
1248.13434 1.18014395385e-13 1.42973114586e-15
1248.17314 1.17803769498e-13 1.42712223105e-15
1248.21194 1.1873757888e-13 1.43805805866e-15
1248.25074 1.18248567045e-13 1.43286102044e-15
1248.28954 1.18102018814e-13 1.43204999165e-15
1248.32834 1.17649456817e-13 1.42660140446e-15
1248.36714 1.17630232677e-13 1.42671822513e-15
1248.40594 1.17074394836e-13 1.42085009232e-15
1248.44474 1.17913594581e-13 1.43243791953e-15
1248.48355 1.16105871884e-13 1.41467746994e-15
1248.52235 1.15557779194e-13 1.40802294325e-15
1248.56115 1.16624626562e-13 1.4211950928e-15
1248.59995 1.15817525621e-13 1.41450894167e-15
1248.63875 1.15329344968e-13 1.4098553032e-15
1248.67755 1.15599020524e-13 1.41412239714e-15
1248.71635 1.14900319392e-13 1.40884738243e-15
1248.75515 1.13883689169e-13 1.39922224648e-15
1248.79395 1.14744616825e-13 1.40834670899e-15
1248.83276 1.13542716185e-13 1.39443867473e-15
1248.87156 1.14116889644e-13 1.40031198084e-15
1248.91036 1.13255815327e-13 1.38971968191e-15
1248.94916 1.14076156414e-13 1.39729262144e-15
1248.98796 1.13995355653e-13 1.39577066027e-15
1249.02676 1.13238338194e-13 1.38521830503e-15
1249.06556 1.13487029644e-13 1.38657075514e-15
1249.10436 1.12237884735e-13 1.37040913566e-15
1249.14316 1.12494754025e-13 1.37214006167e-15
1249.18197 1.12428438617e-13 1.37160162495e-15
1249.22077 1.11330260262e-13 1.35923596141e-15
1249.25957 1.10413733799e-13 1.34941634471e-15
1249.29837 1.11808534335e-13 1.36439066636e-15
1249.33717 1.11654560983e-13 1.36362079998e-15
1249.37597 1.10553828135e-13 1.35411429193e-15
1249.41477 1.10726343326e-13 1.36167410064e-15
1249.45357 1.10505163982e-13 1.36664335859e-15
1249.49238 1.10051346673e-13 1.36837381871e-15
1249.53118 1.08552477114e-13 1.35464982262e-15
1249.56998 1.09835422659e-13 1.36405688779e-15
1249.60878 1.08492081743e-13 1.34203812611e-15
1249.64758 1.08374714381e-13 1.33307026378e-15
1249.68638 1.07457500603e-13 1.31962196617e-15
1249.72518 1.07560794181e-13 1.31853074797e-15
1249.76398 1.07010199742e-13 1.31156227065e-15
1249.80278 1.06557296614e-13 1.30649896699e-15
1249.84159 1.073171009e-13 1.31483299282e-15
1249.88039 1.06112218981e-13 1.30218791542e-15
1249.91919 1.07322978892e-13 1.31557441343e-15
1249.95799 1.06451256371e-13 1.3063885389e-15
1249.99679 1.06489707645e-13 1.30686023055e-15
1250.03559 1.05562294045e-13 1.29692947624e-15
1250.07439 1.05833917757e-13 1.29972076658e-15
1250.11319 1.04575273636e-13 1.28567740712e-15
1250.15199 1.03903356201e-13 1.27845735047e-15
1250.1908 1.01233133438e-13 1.24888254062e-15
1250.2296 9.7774715826e-14 1.2108485186e-15
1250.2684 9.43440601893e-14 1.17283856726e-15
1250.3072 9.07194487689e-14 1.13284758758e-15
1250.346 8.53840223928e-14 1.07400764839e-15
1250.3848 8.07441117897e-14 1.02341499542e-15
1250.4236 7.03559974069e-14 9.11126379203e-16
1250.4624 5.81314056883e-14 7.79309580218e-16
1250.5012 5.35160317077e-14 7.29131275701e-16
1250.54001 7.0413981399e-14 9.11267977097e-16
1250.57881 9.02888996432e-14 1.12672343823e-15
1250.61761 9.78986370434e-14 1.20945350633e-15
1250.65641 1.0192663466e-13 1.25361172464e-15
1250.69521 1.02631180279e-13 1.26125257042e-15
1250.73401 1.04246629965e-13 1.2785767654e-15
1250.77281 1.03900282274e-13 1.27479848661e-15
1250.81161 1.05444569364e-13 1.29161893933e-15
1250.85041 1.04533310693e-13 1.28178620702e-15
1250.88922 1.04947923137e-13 1.28680455128e-15
1250.92802 1.04539818145e-13 1.28309728078e-15
1250.96682 1.047426651e-13 1.28694534575e-15
1251.00562 1.04687736707e-13 1.28714810374e-15
1251.04442 1.04548541792e-13 1.28702683387e-15
1251.08322 1.04284968717e-13 1.28579752805e-15
1251.12202 1.05100433172e-13 1.29580063876e-15
1251.16082 1.04377927977e-13 1.2909810852e-15
1251.19962 1.04254566e-13 1.2922411939e-15
1251.23843 1.04303363934e-13 1.29379401144e-15
1251.27723 1.05132521673e-13 1.30674560597e-15
1251.31603 1.04377753281e-13 1.30388307007e-15
1251.35483 1.0402342755e-13 1.30528194729e-15
1251.39363 1.0331993243e-13 1.30364878962e-15
1251.43243 1.03408123241e-13 1.30832106092e-15
1251.47123 1.03688528654e-13 1.31488483049e-15
1251.51003 1.03283190974e-13 1.30794199997e-15
1251.54883 1.04096719756e-13 1.31995068642e-15
1251.58764 1.02311511856e-13 1.29530010392e-15
1251.62644 1.03258209228e-13 1.30217568062e-15
1251.66524 1.03354244591e-13 1.29785147034e-15
1251.70404 1.03782039677e-13 1.29645412439e-15
1251.74284 1.02218124401e-13 1.27355798967e-15
1251.78164 1.02280895798e-13 1.27329529298e-15
1251.82044 1.02679871696e-13 1.27575453798e-15
1251.85924 1.03107351669e-13 1.28039641859e-15
1251.89804 1.02743502673e-13 1.28058531223e-15
1251.93685 1.025933058e-13 1.27894928465e-15
1251.97565 1.01296298022e-13 1.26395606226e-15
1252.01445 1.01644569716e-13 1.2669798214e-15
1252.05325 1.02091058219e-13 1.26842217501e-15
1252.09205 1.0166095589e-13 1.26157473639e-15
1252.13085 1.01764536369e-13 1.25750924198e-15
1252.16965 1.01532395627e-13 1.25278717226e-15
1252.20845 1.00814108042e-13 1.24443703512e-15
1252.24726 1.01294787887e-13 1.25064285892e-15
1252.28606 1.00779515811e-13 1.24532307023e-15
1252.32486 1.01633135802e-13 1.25442947535e-15
1252.36366 1.01724798478e-13 1.25611113815e-15
1252.40246 1.00909072918e-13 1.24843569807e-15
1252.44126 1.01845207312e-13 1.25949346936e-15
1252.48006 1.01657168435e-13 1.25754936489e-15
1252.51886 1.00673675151e-13 1.2466864971e-15
1252.55766 1.01061413745e-13 1.2509524902e-15
1252.59647 1.0073547515e-13 1.24728148587e-15
1252.63527 1.00796863501e-13 1.24747567225e-15
1252.67407 1.0110377415e-13 1.25044039852e-15
1252.71287 1.01568324526e-13 1.25442518464e-15
1252.75167 1.00239322917e-13 1.23852538854e-15
1252.79047 1.00248418426e-13 1.23763980388e-15
1252.82927 1.00197544795e-13 1.23660444917e-15
1252.86807 9.98528033957e-14 1.23181903774e-15
1252.90687 9.98251295514e-14 1.23141240215e-15
1252.94568 1.00181572983e-13 1.23513766825e-15
1252.98448 9.9875152999e-14 1.23208395228e-15
1253.02328 9.86473753539e-14 1.21856928627e-15
1253.06208 9.93026000976e-14 1.22570193206e-15
1253.10088 9.93746566653e-14 1.22597486951e-15
1253.13968 9.93106456227e-14 1.22512569664e-15
1253.17848 1.00340004998e-13 1.23654469006e-15
1253.21728 9.81439994252e-14 1.21232323587e-15
1253.25608 9.91599216873e-14 1.22348055498e-15
1253.29489 9.87471789972e-14 1.21901797818e-15
1253.33369 9.65344242449e-14 1.19557167121e-15
1253.37249 9.49085829213e-14 1.17889465164e-15
1253.41129 9.07203969504e-14 1.13397438089e-15
1253.45009 8.59652862604e-14 1.08288743977e-15
1253.48889 7.88053037991e-14 1.00730753431e-15
1253.52769 7.3159450151e-14 9.48231316765e-16
1253.56649 6.77506900598e-14 8.90099718983e-16
1253.60529 6.01372415854e-14 8.11880765226e-16
1253.6441 4.92727102918e-14 6.96432614006e-16
1253.6829 3.79501604951e-14 5.77710641576e-16
1253.7217 3.65292947449e-14 5.63666257076e-16
1253.7605 5.28976443476e-14 7.39756225493e-16
1253.7993 7.40420711826e-14 9.67265146284e-16
1253.8381 8.70138052233e-14 1.10598743341e-15
1253.8769 9.14253201982e-14 1.15291839189e-15
1253.9157 9.34156380356e-14 1.17298990776e-15
1253.9545 9.41130310316e-14 1.17757170694e-15
1253.99331 9.42784155322e-14 1.17753489887e-15
1254.03211 9.54148072979e-14 1.18771875326e-15
1254.07091 9.6723804743e-14 1.19993630832e-15
1254.10971 9.61892014735e-14 1.1930969765e-15
1254.14851 9.65120015094e-14 1.19669877561e-15
1254.18731 9.66918435646e-14 1.19781650357e-15
1254.22611 9.61880490728e-14 1.19166294622e-15
1254.26491 9.57047968835e-14 1.18590691496e-15
1254.30371 9.69614977417e-14 1.19930303502e-15
1254.34252 9.54888730873e-14 1.18273633823e-15
1254.38132 9.49699108013e-14 1.17723436022e-15
1254.42012 9.46952729003e-14 1.1744538515e-15
1254.45892 9.38311228536e-14 1.16525447319e-15
1254.49772 9.31473554574e-14 1.15804193867e-15
1254.53652 9.22152318985e-14 1.14798121752e-15
1254.57532 9.09297038838e-14 1.1340422871e-15
1254.61412 8.89872015813e-14 1.11297034688e-15
1254.65292 8.6489183073e-14 1.08614049227e-15
1254.69173 8.43763491022e-14 1.06373629844e-15
1254.73053 8.18793992622e-14 1.03733308911e-15
1254.76933 7.75918245654e-14 9.91542729674e-16
1254.80813 7.12342317787e-14 9.22638813237e-16
1254.84693 6.38609394352e-14 8.42767661217e-16
1254.88573 5.69883599686e-14 7.68359392833e-16
1254.92453 4.98455895536e-14 6.91144365039e-16
1254.96333 4.27001015796e-14 6.13917029811e-16
1255.00214 3.80394162997e-14 5.63758812369e-16
1255.04094 3.44879692373e-14 5.26017178319e-16
1255.07974 3.18135437936e-14 4.97793841733e-16
1255.11854 2.9399363487e-14 4.72236580718e-16
1255.15734 2.7739534149e-14 4.54854451897e-16
1255.19614 2.66338692118e-14 4.43403159861e-16
1255.23494 2.5423027074e-14 4.30570092965e-16
1255.27374 2.54938799039e-14 4.31300023781e-16
1255.31254 2.52174407651e-14 4.27606292452e-16
1255.35135 2.67179631084e-14 4.43748472038e-16
1255.39015 2.73800518307e-14 4.51080439122e-16
1255.42895 2.83248939212e-14 4.61061262247e-16
1255.46775 3.08044547692e-14 4.87763724188e-16
1255.50655 3.19611770297e-14 5.00184689848e-16
1255.54535 3.47671607577e-14 5.30032196276e-16
1255.58415 3.59213405224e-14 5.41609470474e-16
1255.62295 3.81686506129e-14 5.65608166871e-16
1255.66175 4.06424764684e-14 5.91991210581e-16
1255.70056 4.28666223922e-14 6.15396230156e-16
1255.73936 4.46476949166e-14 6.35789480033e-16
1255.77816 4.72997129903e-14 6.65268239644e-16
1255.81696 4.78826198046e-14 6.72208201632e-16
1255.85576 5.04353778022e-14 7.01902350257e-16
1255.89456 5.25698605878e-14 7.25205431379e-16
1255.93336 5.63549001971e-14 7.67065361019e-16
1255.97216 6.19398997885e-14 8.27753132532e-16
1256.01096 6.78579839214e-14 8.91550723858e-16
1256.04977 7.19123469786e-14 9.35194471206e-16
1256.08857 7.56865270607e-14 9.77252653353e-16
1256.12737 7.8177845687e-14 1.00357324933e-15
1256.16617 8.11181562489e-14 1.0364982742e-15
1256.20497 8.62751619208e-14 1.09380254725e-15
1256.24377 8.96072779449e-14 1.13056393444e-15
1256.28257 9.09113434193e-14 1.14401445965e-15
1256.32137 9.22750795018e-14 1.15957203723e-15
1256.36017 9.41791638373e-14 1.18112424669e-15
1256.39898 9.4289021415e-14 1.18160234114e-15
1256.43778 9.44615112044e-14 1.18372399514e-15
1256.47658 9.5257231926e-14 1.19358172154e-15
1256.51538 9.34432579076e-14 1.17046722022e-15
1256.55418 9.31342726918e-14 1.16665803516e-15
1256.59298 9.20599336681e-14 1.15376446262e-15
1256.63178 9.04405106946e-14 1.13627922504e-15
1256.67058 8.62206956417e-14 1.08879655686e-15
1256.70938 7.61766264861e-14 9.8038030878e-16
1256.74819 5.74070538824e-14 7.75383627793e-16
1256.78699 4.0437248593e-14 5.9277907459e-16
1256.82579 3.40950489014e-14 5.24376336664e-16
1256.86459 4.06537811038e-14 5.9373191523e-16
1256.90339 5.47497049301e-14 7.44940372284e-16
1256.94219 6.39849434934e-14 8.43249642661e-16
1256.98099 6.04517667533e-14 8.05563051126e-16
1257.01979 4.91408499783e-14 6.84387425221e-16
1257.05859 3.74507388134e-14 5.59417009426e-16
1257.0974 3.03557680527e-14 4.83717932963e-16
1257.1362 2.55787330541e-14 4.33215269488e-16
1257.175 2.09543163777e-14 3.84362741338e-16
1257.2138 1.81913122654e-14 3.55876890851e-16
1257.2526 1.68447867334e-14 3.42069834961e-16
1257.2914 1.57975463692e-14 3.3102859807e-16
1257.3302 1.48266144057e-14 3.20632422152e-16
1257.369 1.49088653221e-14 3.21060032469e-16
1257.4078 1.52098997022e-14 3.23565958491e-16
1257.44661 1.52685818822e-14 3.23398244549e-16
1257.48541 1.59403558913e-14 3.30007141556e-16
1257.52421 1.66937995936e-14 3.37805122065e-16
1257.56301 1.68913998431e-14 3.39718637684e-16
1257.60181 1.77676227048e-14 3.48975762346e-16
1257.64061 1.91536149594e-14 3.63708504023e-16
1257.67941 2.16456877471e-14 3.90548620122e-16
1257.71821 2.45841214723e-14 4.21864697456e-16
1257.75702 2.85610034141e-14 4.64052770711e-16
1257.79582 3.265937014e-14 5.07631049367e-16
1257.83462 3.37277865012e-14 5.18724827734e-16
1257.87342 2.91521530775e-14 4.70266420464e-16
1257.91222 2.08671237076e-14 3.82988466955e-16
1257.95102 1.46130300104e-14 3.17512071931e-16
1257.98982 1.1077562029e-14 2.80301842451e-16
1258.02862 8.80003742124e-15 2.56372672338e-16
1258.06742 8.01278560995e-15 2.48131700107e-16
1258.10623 8.70595599815e-15 2.55861281781e-16
1258.14503 1.00060971169e-14 2.69236361616e-16
1258.18383 1.24552617121e-14 2.95369662547e-16
1258.22263 1.45217324503e-14 3.17656922386e-16
1258.26143 1.80426801348e-14 3.55153348546e-16
1258.30023 2.48516435486e-14 4.27405791094e-16
1258.33903 2.87362141408e-14 4.68854399476e-16
1258.37783 2.47578190018e-14 4.267918104e-16
1258.41663 2.29814133763e-14 4.08234204788e-16
1258.45544 2.88443185782e-14 4.6993104186e-16
1258.49424 4.4122225357e-14 6.31782439321e-16
1258.53304 6.0008500483e-14 8.01487062946e-16
1258.57184 6.48774830331e-14 8.53324047735e-16
1258.61064 6.13827967581e-14 8.15105850939e-16
1258.64944 5.21182828538e-14 7.14985705127e-16
1258.68824 4.13922296977e-14 5.99557046741e-16
1258.72704 3.44817035612e-14 5.26074288209e-16
1258.76584 2.92990946393e-14 4.71160851644e-16
1258.80465 2.71355572267e-14 4.48634620014e-16
1258.84345 2.66964171462e-14 4.44160053428e-16
1258.88225 2.82336496498e-14 4.59883407233e-16
1258.92105 3.27160060222e-14 5.07096481376e-16
1258.95985 3.67888846648e-14 5.5037747212e-16
1258.99865 3.83235184515e-14 5.67174724902e-16
1259.03745 3.75402967065e-14 5.58693580475e-16
1259.07625 3.57656795044e-14 5.39799380658e-16
1259.11505 3.39203790176e-14 5.20541123742e-16
1259.15386 3.2249283983e-14 5.03054013958e-16
1259.19266 3.00809721479e-14 4.79822289537e-16
1259.23146 2.7210426885e-14 4.488592153e-16
1259.27026 2.4967007093e-14 4.24964384222e-16
1259.30906 2.17875249646e-14 3.91056576495e-16
1259.34786 1.77531520435e-14 3.48753143306e-16
1259.38666 1.49408560971e-14 3.19210947328e-16
1259.42546 1.8341213395e-14 3.54521189884e-16
1259.46426 2.99751988838e-14 4.77396925217e-16
1259.50307 4.33800408129e-14 6.20570274538e-16
1259.54187 5.2863187939e-14 7.22396270561e-16
1259.58067 5.7058962156e-14 7.67184021993e-16
1259.61947 6.03900463255e-14 8.02853726549e-16
1259.65827 6.29952395857e-14 8.3108243441e-16
1259.69707 6.4356424504e-14 8.45708630555e-16
