jdat_notebooks/composite_model_fitting/n5548_mean_g130mb4.ecsv
# %ECSV 0.9
# ---
# datatype:
# - {name: wavelength, unit: AA, datatype: float64, format: '%11.5f'}
# - {name: flux, unit: erg cm-2 s-1 AA-1, datatype: float64, '%17.11e'}
# - {name: uncertainty, unit: erg cm-2 s-1 AA-1, datatype: float64, '%17.11e'}
wavelength flux uncertainty
[from data line 686]
1166.61317 4.54571164308e-14 9.06470751009e-16
1166.65197 4.61021856062e-14 9.13721160136e-16
1166.69077 4.5657175082e-14 9.08789695226e-16
1166.72957 4.58926982795e-14 9.10192256323e-16
1166.76837 4.50989412181e-14 8.97963078774e-16
1166.80717 4.49233011001e-14 8.95735934493e-16
1166.84597 4.58191765528e-14 9.06169559058e-16
1166.88477 4.49785774796e-14 8.9568981905e-16
1166.92358 4.48804852193e-14 8.95234192491e-16
1166.96238 4.42488409664e-14 8.87545244767e-16
1167.00118 4.6736154494e-14 9.16500441833e-16
1167.03998 4.59380056806e-14 9.07018959205e-16
1167.07878 4.51813953282e-14 8.96737568391e-16
1167.11758 4.44178651031e-14 8.86370353565e-16
1167.15638 4.46551383846e-14 8.88092692097e-16
1167.19518 4.52482368974e-14 8.93548531318e-16
1167.23399 4.58186232669e-14 9.01772961561e-16
1167.27279 4.52945747611e-14 8.97205297015e-16
1167.31159 4.47280897164e-14 8.91186805689e-16
1167.35039 4.46055537991e-14 8.92776793483e-16
1167.38919 4.50272830134e-14 8.97635833272e-16
1167.42799 4.50767959231e-14 8.98079412751e-16
1167.46679 4.45966896438e-14 8.92173201844e-16
1167.50559 4.49815596003e-14 8.94714273143e-16
1167.54439 4.57373666434e-14 9.01704796001e-16
1167.5832 4.56035537951e-14 9.00636375416e-16
1167.622 4.55203776661e-14 8.99187716323e-16
1167.6608 4.46959956677e-14 8.91171140469e-16
1167.6996 4.48154729936e-14 8.94158718164e-16
1167.7384 4.50494428565e-14 8.97191067223e-16
1167.7772 4.48575144486e-14 8.95490855153e-16
1167.816 4.46875443742e-14 8.93996093088e-16
1167.8548 4.49006448016e-14 8.93822236911e-16
1167.8936 4.56391555607e-14 9.01109153867e-16
1167.93241 4.59722478939e-14 9.0430926259e-16
1167.97121 4.46544800666e-14 8.89709154719e-16
1168.01001 4.4757616106e-14 8.91898294696e-16
1168.04881 4.54395363809e-14 9.00775471044e-16
1168.08761 4.57222078842e-14 9.0511850348e-16
1168.12641 4.43461439752e-14 8.90033514303e-16
1168.16521 4.5428270917e-14 9.03228650808e-16
1168.20401 4.60567915849e-14 9.08304070438e-16
1168.24281 4.61196960904e-14 9.08214922843e-16
1168.28162 4.57191756004e-14 9.04580114624e-16
1168.32042 4.57060641495e-14 9.03834676084e-16
1168.35922 4.6335425292e-14 9.1155501406e-16
1168.39802 4.57858165317e-14 9.07846513991e-16
1168.43682 4.44992274274e-14 8.94421557501e-16
1168.47562 4.46084791437e-14 8.95782907499e-16
1168.51442 4.50809622354e-14 9.00906976811e-16
1168.55322 4.60369349729e-14 9.11291747623e-16
1168.59202 4.60046804635e-14 9.09953383386e-16
1168.63083 4.53217837974e-14 9.01038165768e-16
1168.66963 4.63430255898e-14 9.11829936015e-16
1168.70843 4.6681767613e-14 9.16068596782e-16
1168.74723 4.63874180269e-14 9.13059868972e-16
1168.78603 4.63756053995e-14 9.14353757008e-16
1168.82483 4.59093137521e-14 9.09027654429e-16
1168.86363 4.56612478839e-14 9.05012231317e-16
1168.90243 4.57335419875e-14 9.03937464121e-16
1168.94123 4.59283167084e-14 9.03563540073e-16
1168.98004 4.56644826384e-14 8.99864300279e-16
1169.01884 4.43379379101e-14 8.84603718496e-16
1169.05764 4.53710576159e-14 8.97176451642e-16
1169.09644 4.50344581403e-14 8.95631734496e-16
1169.13524 4.48727389247e-14 8.94932084699e-16
1169.17404 4.57103026528e-14 9.05901107454e-16
1169.21284 4.52147213789e-14 9.01505552683e-16
1169.25164 4.60314947279e-14 9.10484998296e-16
1169.29044 4.51341019173e-14 9.00892164356e-16
1169.32925 4.50869631914e-14 8.98842161883e-16
1169.36805 4.55291766939e-14 9.01250230068e-16
1169.40685 4.64030201211e-14 9.10870836586e-16
1169.44565 4.53835131512e-14 8.98253260646e-16
1169.48445 4.47603881823e-14 8.92599008022e-16
1169.52325 4.55717083085e-14 9.01494234209e-16
1169.56205 4.49474599807e-14 8.92995626429e-16
1169.60085 4.66748176928e-14 9.1162407131e-16
1169.63965 4.6279107171e-14 9.06310778869e-16
1169.67846 4.50540951676e-14 8.89572999775e-16
1169.71726 4.44807177465e-14 8.81555112544e-16
1169.75606 4.4981446509e-14 8.84634280381e-16
1169.79486 4.49054481075e-14 8.82803136504e-16
1169.83366 4.54078435534e-14 8.90667361833e-16
1169.87246 4.5707970043e-14 8.95440475991e-16
1169.91126 4.55369974927e-14 8.94468084342e-16
1169.95006 4.51023709981e-14 8.90626820919e-16
1169.98887 4.64919538352e-14 9.05737590454e-16
1170.02767 4.56481935905e-14 8.95952296453e-16
1170.06647 4.58137457738e-14 8.95765865741e-16
1170.10527 4.66302012874e-14 9.04084596835e-16
1170.14407 4.46445796979e-14 8.81274420779e-16
1170.18287 4.53659043665e-14 8.90286141404e-16
1170.22167 4.56022462437e-14 8.94626929743e-16
1170.26047 4.66288566548e-14 9.072588615e-16
1170.29927 4.62555024531e-14 9.03037824409e-16
1170.33808 4.54026445841e-14 8.94190501819e-16
1170.37688 4.60701997499e-14 9.02134678063e-16
1170.41568 4.55433309611e-14 8.94944774914e-16
1170.45448 4.47855718588e-14 8.85989779079e-16
1170.49328 4.57558933839e-14 8.95858454457e-16
1170.53208 4.6938155788e-14 9.08699314254e-16
1170.57088 4.6291616748e-14 9.01963922028e-16
1170.60968 4.58633996576e-14 8.97063176177e-16
1170.64848 4.59887973574e-14 8.99180054461e-16
1170.68729 4.48546134796e-14 8.87026318121e-16
1170.72609 4.56733719866e-14 8.96039936424e-16
1170.76489 4.57904875172e-14 8.95906270114e-16
1170.80369 4.62791723876e-14 9.00812180004e-16
1170.84249 4.52846899758e-14 8.89621591562e-16
1170.88129 4.57801311277e-14 8.96043877914e-16
1170.92009 4.61316295463e-14 9.00781921241e-16
1170.95889 4.63209958034e-14 9.04027383654e-16
1170.99769 4.5581849195e-14 8.96582406614e-16
1171.0365 4.5695492574e-14 8.98985985616e-16
1171.0753 4.61424595758e-14 9.04743499021e-16
1171.1141 4.6499310891e-14 9.07999531072e-16
1171.1529 4.62934861943e-14 9.0384759513e-16
1171.1917 4.61509587143e-14 9.00952688093e-16
1171.2305 4.71345728513e-14 9.10365213089e-16
1171.2693 4.65101696057e-14 9.03114923946e-16
1171.3081 4.61745406416e-14 8.99947543401e-16
1171.3469 4.63540616168e-14 9.02345329625e-16
1171.38571 4.61311965738e-14 9.00703309091e-16
1171.42451 4.67085577989e-14 9.06416386019e-16
1171.46331 4.7124327755e-14 9.10263465685e-16
1171.50211 4.60722294736e-14 8.96626676255e-16
1171.54091 4.57888273871e-14 8.92022836668e-16
1171.57971 4.56080045322e-14 8.89096082693e-16
1171.61851 4.68231848408e-14 9.02392628583e-16
1171.65731 4.58054086217e-14 8.91921101807e-16
1171.69611 4.6859110708e-14 9.08462354326e-16
1171.73492 4.67900400602e-14 9.1121655336e-16
1171.77372 4.67037919755e-14 9.12395065138e-16
1171.81252 4.61355461177e-14 9.06968862081e-16
1171.85132 4.64620480392e-14 9.10003283266e-16
1171.89012 4.75108174267e-14 9.2116614059e-16
1171.92892 4.71701552095e-14 9.18217908343e-16
1171.96772 4.69803877164e-14 9.17069569582e-16
1172.00652 4.82744248705e-14 9.32496269113e-16
1172.04532 4.80495387623e-14 9.2859845618e-16
1172.08413 4.57649403595e-14 8.99175970078e-16
1172.12293 4.57661924328e-14 8.91166221273e-16
1172.16173 4.67267823914e-14 9.00259984451e-16
1172.20053 4.6620559655e-14 8.93031263807e-16
1172.23933 4.61295082687e-14 8.85170064633e-16
1172.27813 4.71685572596e-14 8.94132852101e-16
1172.31693 4.59770914859e-14 8.77504407584e-16
1172.35573 4.61005418174e-14 8.76252070273e-16
1172.39454 4.69299139394e-14 8.84744833279e-16
1172.43334 4.64206920271e-14 8.77747070205e-16
1172.47214 4.61301029502e-14 8.74806422193e-16
1172.51094 4.6205409628e-14 8.72652835023e-16
1172.54974 4.58950514361e-14 8.6887004123e-16
1172.58854 4.61239760885e-14 8.71545210576e-16
1172.62734 4.66047778758e-14 8.76046577793e-16
1172.66614 4.66166693367e-14 8.78495057974e-16
1172.70494 4.68925730418e-14 8.81964767144e-16
1172.74375 4.57508486142e-14 8.69545565721e-16
1172.78255 4.65270026716e-14 8.77762646015e-16
1172.82135 4.64228143251e-14 8.78046425773e-16
1172.86015 4.64159109273e-14 8.78237498124e-16
1172.89895 4.65939884692e-14 8.80342241093e-16
1172.93775 4.67474760503e-14 8.80796064541e-16
1172.97655 4.74441284968e-14 8.88118923455e-16
1173.01535 4.66381728284e-14 8.7966796259e-16
1173.05415 4.60354330002e-14 8.73153461527e-16
1173.09296 4.63602780411e-14 8.76165887766e-16
1173.13176 4.59346117781e-14 8.71070921312e-16
1173.17056 4.59412786902e-14 8.70639424307e-16
1173.20936 4.68058462497e-14 8.81688351813e-16
1173.24816 4.68481569621e-14 8.80675319026e-16
1173.28696 4.64952856913e-14 8.76945425506e-16
1173.32576 4.5397687995e-14 8.63927422442e-16
1173.36456 4.51082308216e-14 8.59165870542e-16
1173.40336 4.64547929593e-14 8.74456593285e-16
1173.44217 4.6732411812e-14 8.78991925432e-16
1173.48097 4.71657271937e-14 8.84962975052e-16
1173.51977 4.69939956672e-14 8.83534294126e-16
1173.55857 4.76660239595e-14 8.92817709751e-16
1173.59737 4.71162686576e-14 8.85462514104e-16
1173.63617 4.71152436586e-14 8.84841206101e-16
1173.67497 4.70663720766e-14 8.84451501612e-16
1173.71377 4.62771067566e-14 8.74064873034e-16
1173.75257 4.61149395051e-14 8.7104366674e-16
1173.79138 4.63370265706e-14 8.74435535834e-16
1173.83018 4.75445789365e-14 8.89353913338e-16
1173.86898 4.64041740822e-14 8.76029698776e-16
1173.90778 4.69059398359e-14 8.80736705244e-16
1173.94658 4.67391450255e-14 8.79232132257e-16
1173.98538 4.72197135866e-14 8.84517880476e-16
1174.02418 4.7006473478e-14 8.83633785074e-16
1174.06298 4.71115132759e-14 8.84451964665e-16
1174.10178 4.73377881219e-14 8.85679220669e-16
1174.14059 4.68741471378e-14 8.82336896078e-16
1174.17939 4.68827383899e-14 8.84201688714e-16
1174.21819 4.70786402938e-14 8.85578816313e-16
1174.25699 4.5734093505e-14 8.69878620459e-16
1174.29579 4.72622667881e-14 8.87484386131e-16
1174.33459 4.65694219281e-14 8.75581685057e-16
1174.37339 4.68675484044e-14 8.74448360703e-16
1174.41219 4.69949873496e-14 8.69259624078e-16
1174.45099 4.63202660077e-14 8.56608771572e-16
1174.4898 4.65227978614e-14 8.54291208065e-16
1174.5286 4.77016562431e-14 8.6065107574e-16
1174.5674 4.59693677986e-14 8.3407809827e-16
1174.6062 4.59819731151e-14 8.26916189687e-16
1174.645 4.56808964081e-14 8.1260896299e-16
1174.6838 4.64127983636e-14 8.13407358643e-16
1174.7226 4.60050214067e-14 8.01916322192e-16
1174.7614 4.70777568632e-14 8.07239743089e-16
1174.8002 4.57202042798e-14 7.88680499815e-16
1174.83901 4.5795804239e-14 7.84952937344e-16
1174.87781 4.65308924401e-14 7.94596820229e-16
1174.91661 4.53901693491e-14 7.81419661351e-16
1174.95541 4.54897285764e-14 7.81536998808e-16
1174.99421 4.53138293159e-14 7.80951097132e-16
1175.03301 4.56123074546e-14 7.84274859187e-16
1175.07181 4.59027744052e-14 7.85843238247e-16
1175.11061 4.53415532392e-14 7.78375242189e-16
1175.14942 4.52581041081e-14 7.76240527002e-16
1175.18822 4.62662101136e-14 7.86861791095e-16
1175.22702 4.69068971912e-14 7.932670263e-16
1175.26582 4.73082917697e-14 7.98537208102e-16
1175.30462 4.75248653344e-14 8.00948160224e-16
1175.34342 4.71802311766e-14 7.97243446562e-16
1175.38222 4.78161821661e-14 8.06475446173e-16
1175.42102 4.78738794648e-14 8.07005235638e-16
1175.45982 4.82346665805e-14 8.11736030472e-16
1175.49863 4.70046793285e-14 7.95225269137e-16
1175.53743 4.78491326096e-14 8.05136884305e-16
1175.57623 4.76725329272e-14 8.01748619068e-16
1175.61503 4.70018348482e-14 7.93991552751e-16
1175.65383 4.76160146093e-14 8.02064972534e-16
1175.69263 4.80209938114e-14 8.06826722478e-16
1175.73143 4.66864580753e-14 7.91664652263e-16
1175.77023 4.67716265694e-14 7.94859196095e-16
1175.80903 4.70350402982e-14 7.97225119148e-16
1175.84784 4.72571125629e-14 7.98797854615e-16
1175.88664 4.762004607e-14 8.02943685542e-16
1175.92544 4.71917578586e-14 7.97725890587e-16
1175.96424 4.66816745979e-14 7.9150394335e-16
1176.00304 4.76189397459e-14 8.02712020085e-16
1176.04184 4.70535193572e-14 7.97210740516e-16
1176.08064 4.66734103154e-14 7.94326686224e-16
1176.11944 4.73407471993e-14 8.02417485145e-16
1176.15824 4.72625292792e-14 7.99720599529e-16
1176.19705 4.78925657447e-14 8.08515570136e-16
1176.23585 4.70065040455e-14 7.96386390927e-16
1176.27465 4.73303119565e-14 8.00002265713e-16
1176.31345 4.7408238309e-14 8.01042156468e-16
1176.35225 4.7447807577e-14 7.9969075884e-16
1176.39105 4.72013292318e-14 7.99166853091e-16
1176.42985 4.70983699301e-14 7.97361199533e-16
1176.46865 4.79710887948e-14 8.0817298334e-16
1176.50745 4.75805101385e-14 8.0440140185e-16
1176.54626 4.75624540511e-14 8.05083564926e-16
1176.58506 4.71123897717e-14 8.01454423398e-16
1176.62386 4.69998493584e-14 8.02175872322e-16
1176.66266 4.74277287947e-14 8.06152516591e-16
1176.70146 4.71382858624e-14 8.02556695066e-16
1176.74026 4.67880006723e-14 7.97049135483e-16
1176.77906 4.74013242812e-14 7.99433293688e-16
1176.81786 4.61316720515e-14 7.80459264771e-16
1176.85666 4.78249478575e-14 7.96206960189e-16
1176.89547 4.72093770652e-14 7.84321347704e-16
1176.93427 4.72261769185e-14 7.80023819875e-16
1176.97307 4.70438551075e-14 7.77660722668e-16
1177.01187 4.64803691241e-14 7.69604895674e-16
1177.05067 4.72937370193e-14 7.79253455422e-16
1177.08947 4.67942083687e-14 7.7391812701e-16
1177.12827 4.71661760815e-14 7.79630887528e-16
1177.16707 4.72865022385e-14 7.81871477287e-16
1177.20587 4.64399889435e-14 7.75776725136e-16
1177.24468 4.72557331525e-14 7.86941210163e-16
1177.28348 4.7329909705e-14 7.88631724175e-16
1177.32228 4.67179137385e-14 7.82010466239e-16
1177.36108 4.71451241674e-14 7.8786221319e-16
1177.39988 4.62630377771e-14 7.75026319549e-16
1177.43868 4.65142509918e-14 7.78265394803e-16
1177.47748 4.69193607262e-14 7.81486643614e-16
1177.51628 4.65282129331e-14 7.75509699358e-16
1177.55508 4.61099608733e-14 7.64538943887e-16
1177.59389 4.60588332117e-14 7.62041000441e-16
1177.63269 4.6642747371e-14 7.64646399326e-16
1177.67149 4.64290419392e-14 7.61789830809e-16
1177.71029 4.59112164556e-14 7.55433108478e-16
1177.74909 4.5479281054e-14 7.51375683057e-16
1177.78789 4.63224539285e-14 7.61738984998e-16
1177.82669 4.70716627138e-14 7.71789081819e-16
1177.86549 4.73706847516e-14 7.75991992e-16
1177.9043 4.68581835636e-14 7.69771155932e-16
1177.9431 4.67032001025e-14 7.66715332727e-16
1177.9819 4.7766990802e-14 7.80466098953e-16
1178.0207 4.69374518441e-14 7.72752733244e-16
1178.0595 4.63914545054e-14 7.72200168257e-16
1178.0983 4.73882292311e-14 7.86625044672e-16
1178.1371 4.7083668004e-14 7.85061883993e-16
1178.1759 4.72947297073e-14 7.91788400003e-16
1178.2147 4.65046926956e-14 7.8516963255e-16
1178.25351 4.75293622372e-14 7.97633701421e-16
1178.29231 4.78388419023e-14 8.02076799101e-16
1178.33111 4.79143681449e-14 8.02930182685e-16
1178.36991 4.77404696456e-14 8.0015893212e-16
1178.40871 4.78368922009e-14 7.96511002669e-16
1178.44751 4.74600760319e-14 7.88929326786e-16
1178.48631 4.73874960176e-14 7.82519436989e-16
1178.52511 4.73416573337e-14 7.80061413413e-16
1178.56391 4.78631100501e-14 7.82572561257e-16
1178.60272 4.74255318686e-14 7.7712027156e-16
1178.64152 4.67748253968e-14 7.71367172332e-16
1178.68032 4.71501948633e-14 7.77209047948e-16
1178.71912 4.73133455348e-14 7.79304948766e-16
1178.75792 4.84627725234e-14 7.92221058928e-16
1178.79672 4.73230811136e-14 7.77136503e-16
1178.83552 4.76226820365e-14 7.8020263768e-16
1178.87432 4.79059999547e-14 7.85517021177e-16
1178.91312 4.71730302276e-14 7.7627896311e-16
1178.95193 4.7077555626e-14 7.77332761927e-16
1178.99073 4.79583290657e-14 7.87554994402e-16
1179.02953 4.76465442921e-14 7.82096815487e-16
1179.06833 4.7961802832e-14 7.87913909181e-16
1179.10713 4.77012537836e-14 7.81784799891e-16
1179.14593 4.77888205153e-14 7.79067428991e-16
1179.18473 4.72604681706e-14 7.69963289891e-16
1179.22353 4.69655791682e-14 7.6295127988e-16
1179.26233 4.68135467303e-14 7.54574147509e-16
1179.30114 4.71879016593e-14 7.49811790567e-16
1179.33994 4.75081335904e-14 7.52775910147e-16
1179.37874 4.63795063132e-14 7.38397522242e-16
1179.41754 4.68000179399e-14 7.44026527321e-16
1179.45634 4.65420335685e-14 7.45897291056e-16
1179.49514 4.69980382335e-14 7.57455119429e-16
1179.53394 4.61075970669e-14 7.5312616881e-16
1179.57274 4.62133690232e-14 7.64258774393e-16
1179.61154 4.56369815986e-14 7.6580299896e-16
1179.65035 4.6324502599e-14 7.81939249233e-16
1179.68915 4.6513400328e-14 7.82995946258e-16
1179.72795 4.61352793518e-14 7.87950097189e-16
1179.76675 4.64657139978e-14 7.94764528886e-16
1179.80555 4.5276728832e-14 7.7798353311e-16
1179.84435 4.64989841443e-14 7.97119109805e-16
